+-----------+------------+
| member_id | contact_id |
+-----------+------------+
|         4 |          8 |
|         5 |          9 |
|         6 |         10 |
|         7 |         11 |
|         8 |         12 |
|         1 |          1 |
|         1 |          2 |
|         2 |          3 |
|         2 |          4 |
|         3 |          5 |
|         3 |          6 |
|         3 |          7 |
+-----------+------------+
12 rows in set (0.00 sec)

+------------+------------+
| contact_id | address_id |
+------------+------------+
|          1 |          1 |
|          2 |          2 |
|          3 |          3 |
|          4 |          4 |
|          5 |          5 |
|          6 |          6 |
|          7 |          7 |
|          8 |          8 |
|          9 |          9 |
|         10 |         10 |
|         11 |         11 |
|         12 |         12 |
+------------+------------+
12 rows in set (0.00 sec)

+------------+-------------------+
| address_id | street_address_id |
+------------+-------------------+
|          1 |                 1 |
|          2 |                 2 |
|          3 |                 3 |
|          4 |                 4 |
|          5 |                 5 |
|          6 |                 6 |
|          7 |                 7 |
|          8 |                 8 |
|          9 |                 9 |
|         10 |                10 |
|         11 |                11 |
|         12 |                12 |
+------------+-------------------+
12 rows in set (0.00 sec)

+------------+--------------+
| contact_id | telephone_id |
+------------+--------------+
|          1 |            1 |
|          2 |            2 |
|          3 |            3 |
|          4 |            4 |
|          5 |            5 |
|          6 |            6 |
|          7 |            7 |
|          8 |            8 |
|          9 |            9 |
|         10 |           10 |
|         11 |           11 |
|         12 |           12 |
+------------+--------------+
12 rows in set (0.00 sec)

+------------+----------------+
| contact_id | system_user_id |
+------------+----------------+
|          8 |              1 |
|          9 |              1 |
|         10 |              1 |
|         11 |              1 |
|         12 |              1 |
|          1 |              2 |
|          2 |              2 |
|          3 |              2 |
|          4 |              2 |
|          5 |              2 |
|          6 |              2 |
|          7 |              2 |
+------------+----------------+
12 rows in set (0.00 sec)

+------------+----------------+
| contact_id | system_user_id |
+------------+----------------+
|          8 |              1 |
|          9 |              1 |
|         10 |              1 |
|         11 |              1 |
|         12 |              1 |
|          1 |              2 |
|          2 |              2 |
|          3 |              2 |
|          4 |              2 |
|          5 |              2 |
|          6 |              2 |
|          7 |              2 |
+------------+----------------+
12 rows in set (0.00 sec)

+----------------+------------+----------------+
| system_user_id | created_by | system_user_id |
+----------------+------------+----------------+
|              1 |          1 |              1 |
|              2 |          1 |              1 |
|              3 |          1 |              1 |
|              4 |          1 |              1 |
+----------------+------------+----------------+
4 rows in set (0.00 sec)

+----------------+-----------------+----------------+
| system_user_id | last_updated_by | system_user_id |
+----------------+-----------------+----------------+
|              1 |               1 |              1 |
|              2 |               1 |              1 |
|              3 |               1 |              1 |
|              4 |               1 |              1 |
+----------------+-----------------+----------------+
4 rows in set (0.00 sec)

+-----------+-----------+---------+---------+
| rental_id | rental_id | item_id | item_id |
+-----------+-----------+---------+---------+
|         5 |         5 |       7 |       7 |
|         5 |         5 |       1 |       1 |
|         1 |         1 |       2 |       2 |
|         1 |         1 |       4 |       4 |
|         1 |         1 |       5 |       5 |
|         2 |         2 |      16 |      16 |
|         2 |         2 |      22 |      22 |
|         3 |         3 |      19 |      19 |
|         4 |         4 |      14 |      14 |
+-----------+-----------+---------+---------+
9 rows in set (0.00 sec)

